word;Cluster 1;Cluster 2;Cluster 3;Cluster 4;Cluster 5;Cluster 6
AGISI-MI-002;0.022803759740345743;0.8417239823888139;0.023560265219673377;0.040174925295355754;0.03440392101042059;0.0373331463453907
AGISI-MI-004;0.019230082585471046;0.8648653899786025;0.01988930347557938;0.0345608236500224;0.029426473311560408;0.03202792699876425
AGISI-MI-011;0.018420623381482752;0.8701506603198876;0.019057201633993954;0.033271564989920836;0.02828800341999219;0.030811946254722788
AGISI-MI-012;0.02022423285083071;0.858388440979385;0.020911064883648075;0.036138486894850455;0.030821096816493962;0.0335166775747918
AGISI-MI-017;0.022792476010079554;0.841797171829736;0.02354867251493932;0.0401571504229823;0.034388173774038265;0.037316355448224536
AGISI-MI-020;0.018702447336060073;0.8683163605716723;0.019346828881084344;0.033718071378164176;0.028682902127160913;0.03123338970585825
AGISI-MI-022;0.02272441362951776;0.8422340113241843;0.023478811981907332;0.040051802211872996;0.03429436534598843;0.03721659550652921
AGISI-MI-027;0.02096790358070428;0.8535620647069204;0.021675130800315492;0.03731109361721343;0.03185960932314236;0.03462419797170411
AGISI-MI-028;0.019370433385062537;0.8639518671868638;0.020033540307696225;0.03478320007238317;0.029623141248687954;0.03223781779930626
AGISI-MI-029;0.022819145115536923;0.8416284296760302;0.02357601186015831;0.04019745095672264;0.03442431437042653;0.037354648021125286
AGISI-MI-033;0.022731184906550295;0.8421882250960159;0.023485795059709515;0.0400632213135403;0.03430428932894553;0.03722728429523841
AGISI-MI-043;0.022692930672952277;0.8424304847063528;0.023446576333975653;0.04000532747266912;0.03425239423603056;0.03717228657801968
AGISI-MI-044;0.02274203506864412;0.8421178129847589;0.023496942815783572;0.0400803272931447;0.03431944035665621;0.03724344148101236
AGISI-MI-049;0.021380587121723985;0.850895565752372;0.022098967517589666;0.03795704020489366;0.03243291928880277;0.03523492011461781
AGISI-MI-052;0.01969127229028532;0.861825426123513;0.020363790774057405;0.035306986791010714;0.03008237539569727;0.03273014862543634
AGISI-MI-053;0.020712355105493144;0.8552129087684701;0.021412680560934778;0.03691124170424426;0.03150468278291387;0.0342461310779439
AGISI-MI-054;0.02082261064057665;0.8545084161489257;0.021525805525896106;0.03708062065611502;0.03165584777045612;0.0344066992580303
AGISI-MI-056;0.023370374766450958;0.8378868245379598;0.02414469419992531;0.04113276610498381;0.03523585741217739;0.038229482978502545
AGISI-MI-063;0.022764562983595305;0.841972267726996;0.023520079432175236;0.04011558198561909;0.034350732959226124;0.03727677491238818
AGISI-MI-064;0.018363533117741946;0.8705389318057368;0.01899830157826856;0.03317435006066076;0.028203790055674947;0.030721093381916805
AGISI-MI-065;0.022855196240893976;0.8413852392319467;0.023613182543530706;0.040258012711810745;0.034477003624508916;0.03741136564730898
AGISI-MI-069;0.0195723141993713;0.8626236051246312;0.02024120792060583;0.03510883446398039;0.029909634766234178;0.032544403525177186
AGISI-MI-071;0.01907962465206346;0.8658393637945753;0.019734753141675113;0.034324594076582116;0.029216991576644067;0.0318046727584601
AGISI-MI-081;0.02227044475794243;0.8451388353480292;0.023012974292959707;0.0393527121417589;0.03367092037553106;0.03655411308377854
AGISI-MI-086;0.02213400051577529;0.8459818705849044;0.022873385499072352;0.039154717832104974;0.033491164770523905;0.036364860797619046
AGISI-MI-088;0.02064078062923486;0.8554417164961651;0.02134242490163768;0.036893690584306284;0.031464456366125826;0.03421693102253033
AGISI-MI-106;0.02182287004541735;0.8478866210080882;0.022555327298651173;0.038710364137348026;0.0330857247774567;0.03593909273303865
AGISI-MI-108;0.022726264624529282;0.8422228110847897;0.023480702262679776;0.04005439301425259;0.034296743732826165;0.03721908528092242
AGISI-MI-109;0.01834967825741942;0.8706275590233101;0.018984084351152918;0.03315302725365292;0.0281847677681275;0.03070088334633707
AGISI-MI-111;0.022782039456450645;0.8418652301340099;0.023537945037034873;0.04014056331693767;0.03437351634752229;0.037300705708044654
AGISI-MI-113;0.02187078520333839;0.8475691575423382;0.02260464852368531;0.03878853577222799;0.03315428843364899;0.03601258452476107
AGISI-MI-117;0.020615241811154005;0.8558360142477048;0.02131300360528842;0.036761007470656734;0.03137088002145393;0.03410385284374204
AGISI-MI-118;0.020526249881977866;0.8564176124161654;0.021221514580938447;0.03661905124701323;0.031245579863986017;0.03396999200991905
AGISI-MI-123;0.01976190074208165;0.8613604148857245;0.020436448427574607;0.03542103706533946;0.03018268680785449;0.03283751207142548
AGISI-MI-125;0.022763966118787393;0.8419774956800292;0.02351944703305914;0.04011409466882734;0.0343495552178511;0.03727544128144582
AGISI-MI-133;0.022795576970855103;0.841774492566436;0.02355189469045308;0.04016306993532883;0.03439315347588114;0.03732181236104587
AGISI-MI-135;0.019479686874579415;0.8632295220960834;0.02014597409928758;0.0349608508571215;0.029779075514637085;0.0324048905582908
AGISI-MI-142;0.01970568945571753;0.8617255180161284;0.020378691206881502;0.03533228572267498;0.030104113888491615;0.032753701710105936
AGISI-MI-148;0.022865674458423465;0.8413274382457225;0.023623803812134497;0.040270419964597404;0.03448904322289677;0.03742362029622549
AGISI-MI-155;0.01762648037406791;0.8753280977867901;0.018240947288326054;0.032009895240113405;0.02717303669620814;0.029621542614494224
AGISI-MI-161;0.02035094453478645;0.8574228282696919;0.0210432436729526;0.036396223443773364;0.031034336850057482;0.033752423228738226
AGISI-MI-165;0.022781532785552665;0.8418641940713436;0.02353748565138446;0.040141508425601595;0.03437390788677838;0.037301371179339245
AGISI-MI-166;0.022724942657815026;0.842224476144735;0.02347944182391643;0.04005509737147614;0.034296654901003754;0.03721938710105373
AGISI-MI-170;0.019645085972947122;0.8621328062634365;0.02031623193127731;0.03523107229232434;0.03001594487903976;0.032658858660974954
AGISI-MI-175;0.02267781016362286;0.8425211758826907;0.02343114620080497;0.03998448724299748;0.03423316919689134;0.03715221131299263
AGISI-MI-177;0.02012167028961166;0.8590584919128781;0.02080562803068779;0.03597497771724988;0.030676750322381166;0.033362481727191286
AGISI-MI-180;0.021681918690238243;0.8489123507964943;0.022408951259669446;0.0384433126790364;0.032860724476534216;0.03569274209802746
AGISI-MI-185;0.022526568227768013;0.8434884425339181;0.023275956946780543;0.039751779858434554;0.034025589600358494;0.03693166283274026
AGISI-MI-187;0.019495290464115335;0.8630990405034311;0.02016240969071981;0.03499728025037527;0.02980825855770797;0.03243772053365033
AGISI-MI-199;0.02014391599554553;0.8588871254042023;0.020828858922568184;0.03602097257918454;0.03071465275710467;0.03340447434139503
AGISI-MI-204;0.022866708423723865;0.8413155453511577;0.02362493951126809;0.04027414018262013;0.03449180452502192;0.03742686200620802
AGISI-MI-205;0.02125180484567821;0.8516226788165469;0.021968174321124412;0.03779788485214609;0.03228064304635188;0.0350788141181526
AGISI-MI-206;0.022709822690333864;0.8423267505231073;0.023463848413191133;0.040029584589780294;0.03427448601271216;0.03719550777087519
AGISI-MI-209;0.020490825713218832;0.8566211363525533;0.021185486242058318;0.03657386005168659;0.03120279484801442;0.033925896792468616
AGISI-MI-211;0.020207900339010876;0.8583429306981178;0.020896388875790366;0.036174019215443366;0.030836661000923783;0.0335420998707137
AGISI-MI-212;0.020856997511066504;0.8542736298690975;0.02156129771929728;0.03713953649968674;0.03170681341539179;0.03446172498546016
AGISI-MI-217;0.019125264248256658;0.8655398623445805;0.01978169013318181;0.034397894736031526;0.029281561892431245;0.03187372664551839
AGISI-MI-220;0.021598881714622348;0.8494592702408287;0.02232352406855855;0.03830914696122915;0.03274273053056313;0.03556644648419833
AGISI-MI-221;0.019825384486600695;0.8609759825162542;0.020501291238971348;0.03550997879542068;0.030264360085227232;0.03292300287752593
AGISI-MI-222;0.019838385263179003;0.8608775794164012;0.020514843091587832;0.03553615453493151;0.03028606711244451;0.03294697058145601
AGISI-MI-230;0.018383636483942905;0.8703667757335645;0.019019528257893655;0.03322294457858628;0.028242396526644984;0.0307647184193678
AGISI-MI-232;0.02232316702132868;0.8447741620232414;0.02306746025130933;0.03944492476626057;0.03375026407111433;0.036640021866745816
AGISI-MI-233;0.022750629528626675;0.8420575555293474;0.023505836425947144;0.04009568536558468;0.03433258111521684;0.03725771203527742
AGISI-MI-236;0.022786481225549046;0.8418404785135539;0.023542450996285564;0.04014592333914203;0.03437868347727541;0.03730598244819415
AGISI-MI-239;0.02344380761409943;0.8374605928480959;0.024219429351359078;0.04122824773184596;0.035325610525861695;0.03832231192873776
AGISI-MI-240;0.021020796992598113;0.8532171043121898;0.02172949842087484;0.037395175881667096;0.03193390084288044;0.034703523549789776
AGISI-MI-243;0.018282522779869297;0.8710600451021127;0.018915132542240264;0.033048497535834644;0.02809183147848231;0.03060197056146074
AGISI-MI-244;0.021312536489548343;0.851240265144514;0.022030408036468375;0.03788890287116168;0.032362479831243095;0.03516540762706465
AGISI-MI-246;0.019659409730789782;0.8620642494719244;0.020330610629507608;0.03524378126795908;0.030029770792194637;0.03267217810762454
AGISI-MI-254;0.019351203033720305;0.8640639757179941;0.020013957970107278;0.034758017719340006;0.02959949864364037;0.03221334691519769
AGISI-MI-256;0.022735863199868967;0.8421630129972985;0.02349052885347584;0.04006852079162333;0.0343095137357387;0.03723256042199468
AGISI-MI-258;0.019841803588378126;0.8608811070850731;0.02051799862390805;0.035531140779947824;0.03028433078394907;0.032943619138743815
AGISI-MI-259;0.022830267514415605;0.8415298704486489;0.02358781265218098;0.04022562498847049;0.03444655087530604;0.037379873520978185
AGISI-MI-264;0.019181714522831215;0.8651713125933493;0.019839718985311304;0.0344877908315735;0.02936094779228173;0.03195851527465309
AGISI-MI-266;0.02063344206701796;0.8557222123407464;0.021331642837861195;0.03678796018642838;0.031395202122277664;0.03412954044566817
AGISI-MI-275;0.01976238196231929;0.8613802071422089;0.020436625339085406;0.035412522722756884;0.030177557922122043;0.03283070491150741
AGISI-MI-279;0.02211931759560323;0.8461214816486599;0.022857675625639902;0.03911367897138461;0.0334594055214096;0.03632844063730251
AGISI-MI-283;0.022867973918219646;0.8413067270624176;0.023626248293452445;0.04027637963386013;0.03449372565669186;0.03742894543535849
AGISI-MI-284;0.020684884678226476;0.855385057081258;0.021384542286711754;0.03687040607452638;0.03146787569040779;0.034207234188869555
AGISI-MI-289;0.02288130180894982;0.841218074455001;0.02363997235055675;0.040298263396165705;0.034512885999672935;0.03744950198965377
AGISI-MI-293;0.022766057993402443;0.8419671647522464;0.023521550384280845;0.04011608420014916;0.034351651708436994;0.0372774909614843
AGISI-MI-298;0.02295913936698777;0.8407078556306592;0.02372001708209069;0.04042303190600402;0.03462287241082301;0.03756708360343513
AGISI-MI-308;0.0195293173393409;0.8628819437200946;0.02019731825192131;0.035049420376342594;0.02985483128580689;0.03248716902649368
AGISI-MI-309;0.02290650327458502;0.8410579789976186;0.023665816233093794;0.04033660395104062;0.0345472002965949;0.03748589724706715
AGISI-MI-311;0.022124576169344497;0.846027698820991;0.022863918490295072;0.039146047758364354;0.03348189764848102;0.036355861112523986
AGISI-MI-312;0.019279547610127228;0.864525828503472;0.01994038117956337;0.03464632389409711;0.0295002394551633;0.032107679357576954
AGISI-MI-316;0.022627174767146718;0.8428563284223793;0.023379029356565266;0.039902013531086016;0.034160797035287425;0.03707465688753547
AGISI-MI-335;0.022867814925162322;0.8413126315805642;0.02362601595773853;0.04027416397365223;0.0344922650195026;0.03742710854338006
AGISI-MI-339;0.022047962939821218;0.8465518304390461;0.02278482460141866;0.039014384021934995;0.03336807280716624;0.03623292519061269
AGISI-MI-342;0.018311699418718977;0.8708762943587566;0.018945032742123624;0.03309223012788848;0.028131160836204018;0.030643582516308245
AGISI-MI-347;0.020380796955741985;0.8573573219714898;0.021072131927890106;0.03639143122831057;0.031043541129986616;0.03375477678658098
AGISI-MI-353;0.019710032477447757;0.8617361791887664;0.020382615250839717;0.035323412711939665;0.030100345446459443;0.032747414924547
AGISI-MI-355;0.019118244380264996;0.8655976520833338;0.019774308986030897;0.03438187294455537;0.02926866513534472;0.03185925647047028
AGISI-MI-361;0.01868916425994365;0.8684005153727268;0.019333209668191537;0.03369795834966454;0.028664871095138576;0.03121428125433477
AGISI-MI-362;0.02030098487032153;0.8578661485519505;0.020990258149761416;0.036269285355743;0.0309344034524732;0.03363891961975033
AGISI-MI-373;0.01958672286718294;0.8625036352638954;0.020256377929158888;0.03514226269908854;0.029936452363750272;0.03257454887692406
AGISI-MI-374;0.020589042816577766;0.8560129812288836;0.021285989366929714;0.03671689301297996;0.03133253569063645;0.03406255788399236
AGISI-MI-380;0.019407760053149932;0.8636370024853036;0.020072894188396993;0.03487145428012343;0.02969364009314973;0.03231724889987619
AGISI-MI-382;0.02287843117423726;0.8412352350174983;0.02363704376470599;0.04029432983534025;0.03450925073053207;0.03744570947768616
AGISI-MI-383;0.02246303495845612;0.8438731630349411;0.023211070416088494;0.03966274212953043;0.03394387904097052;0.036846110420013345
AGISI-MI-385;0.018543782816556942;0.8693514777699868;0.019183737997075193;0.03346571018050412;0.02845996574532525;0.030995325490551895
AGISI-MI-391;0.018701780563482838;0.8683215265540706;0.01934613228398852;0.03371668024891463;0.028681758987778798;0.031232121361764682
AGISI-MI-393;0.022889590147446185;0.8411706310302625;0.02364839821564087;0.040308772279864534;0.03452284719960569;0.037459761127180344
AGISI-MI-396;0.022742040563932052;0.842118389467523;0.023496939802966032;0.040080089068131736;0.03431929245113222;0.03724324864631493
AGISI-MI-399;0.02272180731185341;0.8422491979694772;0.023476158606622582;0.04004838974233892;0.034291164847756066;0.03721328152195193
AGISI-MI-405;0.015955189486543037;0.8863935492768891;0.016520808591380717;0.029285964838134063;0.02478379557071201;0.027060692236340975
AGISI-MI-406;0.018253009650026054;0.8712445173876006;0.01888490660078155;0.03300482744401239;0.028052401382895248;0.030560337534684227
AGISI-MI-415;0.022769401116051365;0.8419409768732293;0.02352504876215312;0.04012316677470737;0.03435746187904925;0.037283944594809486
AGISI-MI-416;0.022809623563886657;0.8415013993933065;0.023568898313942106;0.04025860098393931;0.03445900306780728;0.03740247467711819
AGISI428;0.01933926679165454;0.8641386271908319;0.020001733220623135;0.03474033628805505;0.02958354189149981;0.032196494617335716
AGISI430;0.020297974779153512;0.8578860741360482;0.02098716007167832;0.03626438129248744;0.030930101061461247;0.03363430865917143
AGISI-MI-433;0.022860491284857735;0.8413505744405401;0.023618627108651508;0.04026648269027867;0.0344844745020046;0.03741934997366744
AGISI-MI-435;0.022658639153939543;0.8426508458399382;0.023411375018054053;0.03995214138745417;0.0342050624038047;0.03712193619680937
AGISI-MI-438;0.019090087744139575;0.8657089312430343;0.019746365192226813;0.03436641564572714;0.029247416154480895;0.03184078402039145
AGISI-MI-440;0.022800135350139215;0.8417457118744398;0.0235565667639426;0.040169933506295386;0.03439931517717965;0.037328337328003204
AGISI-MI-443;0.019788149836477177;0.8612147695087351;0.020463075075119342;0.035452426790259235;0.030213087868230074;0.03286849092117897
AGISI-MI-447;0.019520179701549404;0.8629617724675367;0.020187646049891334;0.035026703990405104;0.0298368763565877;0.03246682143402982
AGISI-MI-449;0.019613115843029053;0.8623586227655484;0.020283131144168916;0.035173243197245956;0.029966659342410707;0.0326052277075971
AGISI-MI-453;0.018721803372034062;0.8681915178273816;0.019366705157904864;0.03374827654452203;0.028709736174102253;0.031261960924055296
AGISI-MI-460;0.019249340678969332;0.8647255058381125;0.019909295505283895;0.03459722235604527;0.029457136173349475;0.03206149944823937
AGISI-MI-466;0.022830685357185396;0.8415559257608562;0.023587834846794095;0.04021468247638746;0.03443982241925735;0.03737104913951923
AGISI-MI-470;0.01883336409140187;0.8674613106039694;0.019481410990930155;0.03392668711775238;0.028867092401938757;0.031430134794007455
AGISI-MI-471;0.020848869656946056;0.8543272769795514;0.021552934411119575;0.03712635781653946;0.03169523546431005;0.0344493256715337
AGISI-MI-476;0.019536661488837752;0.8628337421194205;0.020204871295362494;0.03506121833861556;0.029865223549580627;0.03249828320818312
AGISI-MI-479;0.0227541548821345;0.8420432955570795;0.023509336566218314;0.04009776762683494;0.034335313602240417;0.037260131765492296
AGISI-MI-482;0.019138884794610754;0.8654631622760447;0.019795522890339742;0.03441463473004746;0.029297624258520793;0.03189017105043652
AGISI-MI-483;0.019125925572971516;0.865547931443752;0.01978219906217555;0.034393931858774755;0.029279358903449737;0.03187065315887633
AGISI-MI-485;0.022802856563291396;0.8417263142325655;0.02355938721312637;0.04017492472462525;0.034403556886472564;0.037332960379919
AGISI-MI-488;0.020378576565686098;0.8573816088858263;0.02106971316286098;0.03638393632584099;0.0310379379683047;0.03374822709148104
AGISI-MI-489;0.022822908408108626;0.8416007551764673;0.023579924406417305;0.04020469574419087;0.034430396143260406;0.03736132012155568
AGISI-MI-490;0.022729360076155204;0.8422018395205525;0.023483895112606023;0.04005962958667267;0.03430129075580343;0.03722398494821001
AGISI-MI-494;0.022810248489149094;0.8416794790334006;0.023566965829127408;0.04018612094123377;0.03441359048205385;0.03734359522503525
AGISI-MI-497;0.022706337588599322;0.8423487090884032;0.023460277030081158;0.04002435548808511;0.03426978669118556;0.03719053411364571
AGISI-MI-503;0.018012395120724434;0.8728205831084207;0.018637492167636882;0.03261956720734328;0.027712721288062767;0.030197241107811846
AGISI-MI-505;0.022866001539524203;0.8413249044273539;0.02362414568626383;0.040271101460045755;0.03448960448731053;0.037424242399501845
AGISI-MI-507;0.02277808817714709;0.8418876337439168;0.023533931200771505;0.040135639841614154;0.0343688218791378;0.03729588515741253
AGISI-MI-510;0.018793127211605788;0.8677083041866943;0.019440265069553434;0.033868971873615934;0.02881447739654204;0.03137485426198862
AGISI-MI-513;0.022483513436343493;0.8437629917303766;0.02323178982842199;0.03968585973763292;0.033966701936022886;0.03686914333120222
AGISI-MI-521;0.0223149730781189;0.844848646447477;0.023058741079868716;0.03942340753274633;0.03373340939270868;0.036620822469080126
AGISI-MI-522;0.02043374563484105;0.8570176296433715;0.021126477913438614;0.036473325807236105;0.031116483849832923;0.03383233715127977
AGISI-MI-527;0.022707207627468185;0.8423355619911898;0.023461277006173877;0.04002875256614549;0.0342729079132237;0.03719429289579883
AGISI-MI-533;0.022766007531124954;0.8419648666157465;0.02352153568417517;0.04011706356779359;0.03435224857677095;0.037278278024388836
AGISI-MI-538;0.018791968304937793;0.8676614265582582;0.01943982262181239;0.033889183987473724;0.028826610395959584;0.03139098813155829
AGISI-MI-543;0.01884230576840932;0.8673730328437312;0.01949101429816766;0.033953038890566736;0.028887226457499984;0.031453381741624854
AGISI-MI-547;0.02272931295119324;0.842202285789751;0.023483844708535942;0.040059498643854184;0.03430118925511532;0.03722386865155017
AGISI-MI-548;0.022914852605066146;0.8409982789933679;0.023674472699161363;0.04035199188686805;0.03456026170167991;0.03750014211385678
AGISI-MI-549;0.020077196504320285;0.8593372947649183;0.020760071102749966;0.03590882813323824;0.03061713357260679;0.03329947592216634
AGISI-MI-550;0.022777022053255457;0.8418903153684668;0.023532895780908992;0.04013566782022176;0.034368410049259425;0.037295688927887476
AGISI-MI-551;0.020149341515728888;0.858849087925085;0.02083447251732984;0.036030670544733315;0.03072294518516653;0.03341348231195655
AGISI-MI-553;0.020772010519909227;0.854818984940278;0.02147406648046513;0.03700803899810567;0.031589704505794194;0.03433719455544786
AGISI-MI-556;0.02246687899000368;0.8438093150541849;0.023215568768248342;0.039684498668214385;0.03395912927388059;0.036864609245468145
AGISI-MI-557;0.020711997367243943;0.8552137674981476;0.02141233342291655;0.03691126898565886;0.031504554049584674;0.03424607867644836
AGISI-MI-003;0.021684073243393442;0.8488905591822072;0.0224112745442081;0.038449863074262645;0.03286571505567926;0.0356985149002494
AGISI-MI-009;0.022874782643164067;0.841262946595619;0.023633238043768705;0.040286950770982405;0.03450313041783201;0.03743895152863393
AGISI-MI-015;0.022732030296571986;0.84217775396899;0.023486734142986524;0.04006656468138729;0.03430673674974959;0.03723018016031475
AGISI-MI-026;0.018929311168507247;0.8668201258668922;0.019580244505008604;0.034085464333843137;0.02900575701437188;0.031579097111377075
AGISI-MI-032;0.01882181199445437;0.867518934021791;0.019469780840346528;0.033915500250810506;0.02885534631031104;0.0314186265822865
AGISI-MI-035;0.020728291741534618;0.8551052814778866;0.021429112869276214;0.03693806773947242;0.03152800235768784;0.034271243814142135
AGISI-MI-039;0.020756251849858465;0.85492436982076;0.021457832174291182;0.03698193320718105;0.03156690903992518;0.0343127039079843
AGISI-MI-046;0.02033137524499251;0.8576841955660555;0.0210212694695758;0.036311025410171796;0.030972972070720972;0.03367916223848325
AGISI-MI-048;0.022804958191743437;0.8417162582225056;0.023561495789492657;0.04017679328167389;0.034405580996250615;0.03733491351833381
AGISI-MI-061;0.01937628496542924;0.8639101696868733;0.02003960380938153;0.03479393311619975;0.029632254355077874;0.03224775406703839
AGISI-MI-068;0.019733303226256542;0.8615830129718343;0.020406553872535878;0.03536097175323415;0.030133384213355263;0.032782773962784034
AGISI-MI-080;0.022836457337557736;0.8415122087847265;0.023593853742376058;0.040226306757516456;0.034449473476254266;0.037381699901568935
AGISI-MI-082;0.02270397279475814;0.8423668655987143;0.023457807634630422;0.04001949379769291;0.03426577033574562;0.037186089838458475
AGISI-MI-089;0.020844536838317437;0.8543591978760123;0.021548429676136804;0.037117989663713886;0.03168822109775089;0.034441624848068696
AGISI-MI-094;0.022868048840585856;0.8413110106900651;0.023626257745802532;0.04027457424990967;0.034492617812522296;0.037427490661114685
AGISI-MI-100;0.020634990497590527;0.8557046020960883;0.021333339163415597;0.03679345830403708;0.031399280829609306;0.03413432910925937
AGISI-MI-116;0.020639492295235623;0.8556891168695384;0.02133777295488082;0.03679500579061058;0.03140208721748522;0.034136524872249385
AGISI-MI-121;0.0228935718081966;0.8411449761298407;0.023652486481930395;0.04031497537230269;0.03452836036152051;0.03746562984620909
AGISI-MI-130;0.01670099788500038;0.8814794774286165;0.01728809204106648;0.030491823192084426;0.025843975396209414;0.02819563405702304
AGISI-MI-131;0.022793596920903977;0.8417914849900495;0.023549801708629445;0.040158277459628335;0.034389335549442304;0.03731750337134636
AGISI-MI-136;0.02202493610128677;0.8466928376220505;0.02276128479008086;0.0389814815342097;0.0333380577916556;0.03620140216071663
AGISI-MI-141;0.018959133437166254;0.8666384379131138;0.019610721405150886;0.034127684591382164;0.029044405093171025;0.0316196175600161
AGISI-MI-145;0.022683516676363397;0.8424961833010061;0.023436839001147937;0.03998862770601097;0.034238077986032664;0.037156755329438955
AGISI-MI-153;0.021175096809010106;0.8522213722744999;0.021887950825414365;0.03763618385909097;0.03214793966466354;0.03493145656732135
AGISI-MI-176;0.02197794497479833;0.8468454667125621;0.02271514548781886;0.038968893467291335;0.03331110548612672;0.03618144387140282
AGISI-MI-179;0.01840610782573402;0.8702456147930474;0.019042277591058886;0.033248373915685366;0.02826754314569022;0.030790082728784068
AGISI-MI-189;0.022282636008345416;0.8450182538489401;0.023026084425856932;0.039388665912205086;0.03369847596003492;0.03658588384461763
AGISI-MI-192;0.022772994233119417;0.841920324126177;0.023528702730118433;0.04012775683051124;0.034361801975175674;0.037288420104898336
AGISI-MI-194;0.020957372805666053;0.8536305958829771;0.021664308596831;0.03729441329922739;0.031844855963234955;0.03460845345206359
AGISI-MI-196;0.022706440971000007;0.8423479359614037;0.02346038469367553;0.04002455970870011;0.03426995703327718;0.037190721631943445
AGISI-MI-213;0.021071361725998092;0.852886677785385;0.021781481621577024;0.03747582021132904;0.0320050873819233;0.03477957127378753
AGISI-MI-219;0.022790890267150553;0.8417914148345094;0.02354727033301283;0.04016112243055334;0.0343900382528464;0.03731926388192758
AGISI-MI-228;0.018554341404469703;0.8692886068037575;0.019194508542935473;0.033480067497517516;0.028473281869856582;0.031009193881463264
AGISI-MI-231;0.018998720040025018;0.8663788386115419;0.019651430790182528;0.03419119085317394;0.02910036586370812;0.03167945384136832
AGISI-MI-247;0.019716125580997796;0.8616477896405598;0.020389552047754448;0.03535278746771604;0.030121218588221216;0.03277252667475072
AGISI-MI-251;0.018346874943951007;0.8706430775197032;0.01898124082868349;0.033149691313732424;0.02818152876248073;0.030697586631449107
AGISI-MI-253;0.02276749766875511;0.8419579778717918;0.023523027340869054;0.04011829107006281;0.03435362243062011;0.03727958361790105
AGISI-MI-257;0.019142066387421518;0.8654426537816202;0.019798789815698756;0.03441959474788055;0.029302031904164645;0.031894863363214315
AGISI-MI-261;0.02084460982461357;0.8543552551508766;0.02154855311045728;0.03711950677748944;0.03168920252576968;0.0344428726107936
AGISI-MI-270;0.02018448415235933;0.8586420662082225;0.020870286429132582;0.036077567714206206;0.03076668871003495;0.033458906786044594
AGISI-MI-273;0.01983633343268416;0.8609057694901632;0.020512528755742464;0.03552690096059077;0.03027943605749774;0.03293903130332195
AGISI-MI-277;0.019852595865698573;0.8607924056034867;0.020529345670228065;0.035555707972952585;0.03030412643118616;0.03296581845644781
AGISI-MI-296;0.019538026794890133;0.8628545381730212;0.020205863746385402;0.03505136702447803;0.02985962488596654;0.03249057937525882
AGISI-MI-329;0.01894266655500338;0.8667386701310811;0.019593894310303523;0.03410440830465526;0.0290230876777619;0.03159727302119493
AGISI-MI-340;0.022405535014458966;0.8442541863749933;0.023151882187001854;0.03956891158010417;0.033861585516081774;0.03675789932735992
AGISI-MI-351;0.022438357806928478;0.8440016907144301;0.023186162405541853;0.03963659327423854;0.03391745106524536;0.036819744733615406
AGISI-MI-370;0.022831646028517737;0.841540803593447;0.023588947664790187;0.04021978132279909;0.034443423051048014;0.03737539833939787
AGISI-MI-375;0.022778985419862993;0.8418777343356887;0.023534910732094697;0.040138698566899715;0.03437111094782072;0.037298559997633235
AGISI-MI-377;0.02112698533759147;0.8525307218979817;0.021838560301763198;0.03756149071615676;0.03208148655019978;0.03486075519630701
AGISI-MI-394;0.01896069905230885;0.8665820284753216;0.019612967089554796;0.03414888602990154;0.029058286011922195;0.03163713334099101
AGISI-MI-402;0.020133803597599892;0.8589474745469514;0.02081854251417964;0.03600716325525649;0.03070186823508769;0.03339114785092482
AGISI-MI-426;0.018863358035754663;0.8672637575244001;0.01951226748001611;0.03397515292963058;0.02890971015200584;0.03147575387819278
AGISI-MI-436;0.022732314461840722;0.8421810459686482;0.02348695345845124;0.04006494118056747;0.03430582821792324;0.037228916712569386
AGISI-MI-448;0.019115087561068226;0.8656006388320322;0.019771306997116257;0.03438398248616091;0.029268683136512465;0.03186030098710972
AGISI-MI-459;0.02267789424480048;0.8425325993945698;0.023431063362175278;0.039979792068917525;0.03423024486480236;0.03714840606473451
AGISI-MI-481;0.022769091524566028;0.8419438868591034;0.02352471793390257;0.040122315348269;0.034356800596155514;0.03728318773800362
AGISI-MI-487;0.022782239982476506;0.8418671223913173;0.023538105874690626;0.040139591503709084;0.03437298464922198;0.03729995559858448
AGISI-MI-519;0.0227635919328795;0.8419856075271723;0.023518982175140424;0.04011121252265601;0.034347588157640295;0.037273017684511654
AGISI-MI-520;0.020413241618450716;0.8571389255412002;0.021105575465979267;0.03644575639846977;0.0310908337993544;0.03380566717654571
AGISI-MI-537;0.02278099530144083;0.8418733674907826;0.023536852981417163;0.04013836812455382;0.03437171229856622;0.03729870380323927
AGISI-MI-554;0.022212297180450265;0.8454835111717884;0.022953692400186736;0.03927422373103549;0.0335980221866474;0.03647825332989168
AGISI-HI-002;0.022863523628376712;0.8413119718761273;0.023622010468662843;0.040278895055838274;0.03449351906560354;0.03743007990539115
AGISI-HI-004;0.019535589187216987;0.8628759289379161;0.020203282193470593;0.03504526864801609;0.02985481095545236;0.03248512007792794
AGISI-HI-027;0.02014465050425473;0.8589024893447808;0.020829333845589548;0.0360139881878466;0.03071057963721976;0.03339895848030856
AGISI-HI-028;0.019368704911475312;0.8639632226966892;0.020031762523496924;0.03478041886074239;0.02962069260963294;0.032235198397963134
AGISI-HI-029;0.021803699384710943;0.8481401630648487;0.02253381733164712;0.03862799824590596;0.03302617999079582;0.03586814198209126
AGISI-HI-033;0.02205546965224481;0.8464555585729729;0.022793206373112013;0.039045415616027014;0.033390629834769724;0.03625971995087353
AGISI-HI-049;0.02123241568675276;0.8518544894625747;0.021946770140303433;0.03772449735927788;0.03222668688621557;0.035015140464875784
AGISI-HI-052;0.020350692264683133;0.857557440453098;0.021041135600900925;0.03634204571259703;0.031000299603569266;0.03370838636515173
AGISI-HI-053;0.021021644268541244;0.8532157614543074;0.021730310822136358;0.037394832562234796;0.03193403013912992;0.034703420753650384
AGISI-HI-056;0.020416412629880074;0.8571328583843728;0.021108631404909817;0.0364448881366188;0.03109158488906641;0.03380562455515191
AGISI-HI-064;0.018799196738947754;0.8676850024016479;0.01944627965753586;0.033872024191136364;0.02881888587174621;0.0313786111389859
AGISI-HI-065;0.022590647607466777;0.8430835836071159;0.023341638687300013;0.03984837417656551;0.034112278214020894;0.037023477707531116
AGISI-HI-069;0.022038590509659176;0.8465780185977817;0.022775682452003048;0.03901358811799162;0.03336377892390603;0.036230341398658536
AGISI-HI-071;0.02027848303997637;0.8580183840989825;0.02096705292847498;0.0362312976420372;0.030901409537318885;0.033603372753210084
AGISI-HI-081;0.021125052457526473;0.8525485941564404;0.021836499854553895;0.037556290360731714;0.03207743601834005;0.034856127152407594
AGISI-HI-106;0.0219883673979555;0.8468264033067382;0.022725171685085015;0.0389657122522278;0.03331333103784813;0.036181014320145165
AGISI-HI-109;0.01828287826261414;0.8710644638605047;0.018915405565827898;0.03304633165229804;0.028090628790187637;0.030600291868567456
AGISI-HI-111;0.019750381580121597;0.8614421640124955;0.020424516464238773;0.035400045172392876;0.03016483094965686;0.032818061821094424
AGISI-HI-113;0.022307847373031126;0.8447683812798878;0.0230532025393059;0.03946322710741049;0.03375558837939773;0.036651753320966894
AGISI-HI-117;0.020626896578032988;0.8557652825464115;0.021324909600565975;0.03677740073404364;0.03138591189726753;0.03411959864367831
AGISI-HI-142;0.01837875064962353;0.870418623503546;0.01901423216697058;0.03320707788194627;0.02823048538451447;0.030750830413399
AGISI-HI-155;0.017823561583014413;0.8740472820763814;0.018443461098388698;0.03232135128757176;0.027448713714427097;0.02991563024021649
AGISI-HI-165;0.02051688728267307;0.8564742037373158;0.021211953321263008;0.036605975019213755;0.031233562345492936;0.03395741829404145
AGISI-HI-166;0.021007756381285134;0.8532925993049725;0.02171622790823525;0.037378306147456186;0.031918007174228595;0.034687103083822134
AGISI-HI-170;0.022761627109716562;0.8419882509997398;0.023517106450037236;0.04011219118787222;0.03434741337336617;0.03727341087926813
AGISI-HI-175;0.019647262678381;0.8621461446371261;0.020318088034000818;0.03522338904306019;0.03001203284275496;0.032653082764677016
AGISI-HI-180;0.020138966067668185;0.8589165227931294;0.020823811121735626;0.0360142708620207;0.030708431067209364;0.03339799808823674
AGISI-HI-187;0.021551131358633638;0.8497476844763434;0.02227476530851494;0.03824253195301464;0.032681499151082524;0.03550238775241096
AGISI-HI-205;0.018343381279205085;0.8706661723139429;0.018977645548032638;0.03314401199051631;0.028176543481620592;0.030692245386682384
AGISI-HI-206;0.021305602690254076;0.851380745941419;0.022021947062805518;0.037839397888853966;0.032328577028910246;0.03512372938775712
AGISI-HI-211;0.021697097212209;0.8487489811881546;0.02242545651131026;0.03849343814592516;0.03289838163315157;0.035736645309249415
AGISI-HI-217;0.020255277014985182;0.858170267435514;0.020943192671678598;0.03619419023718453;0.03086867925945657;0.033568393381181005
AGISI-HI-220;0.022745984310411842;0.8420947521200901;0.023500964054115118;0.04008551791862029;0.03432430242401548;0.03724847917274734
AGISI-HI-221;0.02073356819919368;0.8550750352195617;0.021434478257809454;0.0369447716666801;0.03153435743078113;0.03427778922597409
AGISI-HI-230;0.022808351513799018;0.841693449020434;0.023564993338197518;0.04018246095662735;0.034410519744453465;0.03734022542648869
AGISI-HI-232;0.022856936702248636;0.8413839412048748;0.023614829235989947;0.04025672528787252;0.03447689292917037;0.03741067463984376
AGISI-HI-239;0.022795302074053666;0.8417605383991467;0.023551834927257854;0.04016898373073977;0.034396769722370844;0.037326571146431356
AGISI-HI-243;0.02230513159208034;0.8448784018111293;0.02304911060276216;0.03942165651219978;0.033728330953962445;0.03661736852786618
AGISI-HI-244;0.018922950299200728;0.8668745732076049;0.01957352779499444;0.03407010200608618;0.028993545085400956;0.03156530160671287
AGISI-HI-246;0.02278536857040706;0.8418456982735629;0.023541336136083977;0.04014497608158037;0.03437763833148923;0.03730498260687655
AGISI-HI-256;0.022754397523525094;0.842045619181111;0.02350953071385281;0.040096577970363534;0.034334661642165254;0.03725921296898225
AGISI-HI-259;0.022861098892993214;0.8413421244598303;0.0236193151759231;0.04026925813640064;0.03448646855993701;0.03742173477491574
AGISI-HI-266;0.020332688253345024;0.8576780023594135;0.02102258609142718;0.03631215426235802;0.030974215806569855;0.03368035322688641
AGISI-HI-279;0.020988936186626384;0.853421827950752;0.021696792473988997;0.03734576724900135;0.031889928225602666;0.03465674791402845
AGISI-HI-283;0.022654151867018257;0.8426832647812111;0.02340671802417269;0.039943736333233906;0.034197958135117425;0.03711417085924661
AGISI-HI-284;0.022834632630074146;0.8415233744354058;0.023591988551172394;0.040223702523780304;0.034447097247735196;0.037379204611832036
AGISI-HI-312;0.018736213024720925;0.8680683525402751;0.019381917862033166;0.03378300872725654;0.028737353540170724;0.03129315430554354
AGISI-HI-316;0.02123854970722321;0.8518119381546936;0.021953110790348514;0.03773527699923674;0.03223594839429665;0.035025175954201265
AGISI-HI-335;0.02278053084262515;0.8418751850488609;0.02353639271419937;0.040138118439473694;0.034371367859742485;0.037298405095098325
AGISI-HI-339;0.01955713146374946;0.8627121677497179;0.02022574676094248;0.03508893110819403;0.029890956260898056;0.03252506665649792
AGISI-HI-342;0.022729588952700948;0.8422033634927656;0.02348408770181702;0.04005877672753986;0.034300845543998065;0.03722333758117881
AGISI-HI-347;0.01860092342133499;0.8689104024819507;0.019243410809303016;0.033584269011586725;0.028557512245880445;0.031103482029943914
AGISI-HI-353;0.020885809862470812;0.8540839985112186;0.021590937173324973;0.037186034483669625;0.03174771866328959;0.034505501306026407
AGISI-HI-362;0.021821359543534063;0.8480071881774556;0.022552219962562337;0.038663257320833234;0.03305550305127756;0.03590047194433735
AGISI-HI-373;0.019515923410361496;0.8629774277763802;0.020183438567921874;0.03502483706402114;0.029833961148466936;0.032464412032848396
AGISI-HI-380;0.01969738917420935;0.861805639377443;0.020369799665422687;0.035308573593597826;0.03008587744383726;0.03273272074548989
AGISI-HI-382;0.020023669927043526;0.8596737577537221;0.02070522813990218;0.035828846590307974;0.03054515095646538;0.03322334663255863
AGISI-HI-383;0.022769202277077107;0.8419465164456901;0.023524784352824728;0.04012113956386144;0.034356104230062724;0.03728225313048395
AGISI-HI-385;0.020594859555617347;0.8559678743595404;0.0212920681863615;0.03672903878916752;0.03134252306129679;0.03407363604801646
AGISI-HI-391;0.01916560323783001;0.865287061445565;0.019823011404354968;0.034457856858751856;0.029335618832272353;0.031930848221225834
AGISI-HI-399;0.022827778773627412;0.8415688604623319;0.02358493243978606;0.04021249051810789;0.03443727039522986;0.037368667410916934
AGISI-HI-415;0.022856352905871558;0.8413886539290281;0.023614216344123123;0.0402554322072867;0.03447584280255082;0.03740950181113965
AGISI-HI-428;0.01919223785807031;0.8650672504572096;0.01985102446832266;0.03451886691214418;0.029384690209477784;0.0319859300947756
AGISI-HI-433;0.022796681728223554;0.8417705790514596;0.023552983678009485;0.040163498610485744;0.03439386860957804;0.037322388322243626
AGISI-HI-438;0.020568773327579955;0.8561374356966727;0.02126526283809645;0.036687800180531846;0.03130602761044778;0.034034700346671415
AGISI-HI-443;0.02002414081847961;0.8596763970194893;0.020705632876700124;0.03582728510067239;0.030544366252204063;0.033222177932454626
AGISI-HI-447;0.02133742424742756;0.8511060093983523;0.022055596918791706;0.03791712976936884;0.03239032005851847;0.03519351960754114
AGISI-HI-449;0.02281153881136385;0.8416745048625328;0.023568243435658234;0.040186784290160024;0.03441452823162393;0.03734440036866098
AGISI-HI-453;0.02276013685343359;0.8420055785674935;0.023515467003656608;0.04010675374214805;0.03434338640728624;0.03726867742598202
AGISI-HI-466;0.022863314120025617;0.8413426161660182;0.023621380708531696;0.0402667549982983;0.03448578272942905;0.037420151277697024
AGISI-HI-471;0.022383419235822436;0.8443791305393428;0.023129421852664464;0.03954154007350149;0.03383542202734633;0.036731066271322534
AGISI-HI-476;0.022692672843341734;0.8424340238603817;0.023446285047690106;0.04000416836681177;0.034251559993889166;0.0371712898878854
AGISI-HI-479;0.0227660763465175;0.8419701647370785;0.02352152511144261;0.040114855195205135;0.034350884575001156;0.037276494034755144
AGISI-HI-483;0.022805671071323058;0.841706923365892;0.02356229485335134;0.04017981612562129;0.03440777326531893;0.03733752131849329
AGISI-HI-488;0.02288355874615899;0.8412077837650275;0.023642229527711535;0.0403000651073801;0.034514930362308495;0.03745143249141352
AGISI-HI-489;0.022802360911421373;0.8417358536029322;0.023558788491887417;0.04017159335873464;0.034401257658792296;0.03733014597623202
AGISI-HI-490;0.02047662131860273;0.8567431145824019;0.021170477330324802;0.03653941687883772;0.031175409406947355;0.033894960482885525
AGISI-HI-494;0.022749411101517118;0.8420749531473367;0.023504450328290377;0.0400899367240315;0.03432846761207904;0.037252781086745276
AGISI-HI-497;0.022827642996246282;0.8415697713551917;0.02358479251700079;0.04021226445272874;0.03443707323125071;0.037368455447581765
AGISI-HI-503;0.018366199610268585;0.8704909944464245;0.019001461394210713;0.03319097045592994;0.02821525300872092;0.03073512108444507
AGISI-HI-507;0.02144585516342443;0.8504758375534799;0.022165971541798217;0.0380583953394474;0.03252308565540532;0.03533085474644484
AGISI-HI-533;0.02007126539820171;0.859367529214969;0.02075409202604271;0.035902816583728056;0.03061094239786323;0.033293354379195464
AGISI-HI-538;0.019118819242172666;0.865555969312242;0.019775423078284556;0.034398148645256275;0.029279066789236974;0.03187257293280735
AGISI-HI-543;0.01849823433282659;0.8696396913184232;0.019137041574013865;0.03339688770588738;0.02839822600062559;0.0309299190682232
AGISI-HI-547;0.022820186002282174;0.8416189326457277;0.0235771201064667;0.04020019785784712;0.03442646486746434;0.03735709852021182
